     694.0      615.0      590.0      573.0      582.0
      86.0       97.0      101.0      104.0      103.0
      55.7       50.0       46.0       42.3       44.6
      33.3       27.3       22.5       19.8       20.8
      23.0       30.0       18.0       11.0       15.0
       9.0        6.0        3.0        2.0        3.0
     467.0      512.8      475.0      370.3      465.0
    1505.5     1109.9      915.5      934.9      981.9
     555.5      527.8      352.2      315.2      307.9
      18.5       23.8       27.3       22.9       26.5
      59.6       51.6       52.6       57.7       56.0
      22.0       24.6       20.2       19.5       17.6
       2.7        2.1        2.6        3.0        3.2
    2528.0     2150.0     1742.0     1620.0     1754.0
