    694.00     622.00     596.00     572.00     590.00
     86.00      96.00     100.00     104.00     101.00
     55.69      47.15      44.61      42.50      41.99
     33.34      29.87      21.55      20.05      20.79
     23.00      20.00      11.00       6.00      12.00
      9.00       6.00       3.00       1.00       3.00
    467.02     415.56     585.34     302.57     479.32
   1505.53     964.98     880.96     915.13     877.92
    555.53     642.99     324.14     274.89     365.85
     18.50      20.50      32.70      20.30      27.80
     59.60      47.70      49.20      61.30      51.00
     22.00      31.80      18.10      18.40      21.20
      2.71       1.50       2.72       3.33       2.40
   2528.08    2023.52    1790.44    1492.59    1723.10
